# Algortihm Parameters
alpha: 0.1
gamma: 0.8
epsilon: 0.9
epsilon_discount: 0.999 # 1098 eps to reach 0.1
nepisodes: 10000
nsteps: 1000

# Input type
control_type: traj_pos #traj_vel or vel or pos or traj_pos

# Environment Parameters
desired_pose:
    x: 0.0
    y: 0.0
    z: 1.0

max_height: 3.0   # in meters
min_height: 0.0   # in meters
running_step: 0.0010   # in seconds

force_limit: 30 # 300 ~ over 1000 in position control
torque_limit: 10 # 30 ~  in position control

observations: # Observations you want to use for the learning
  - shp_joint_ang
  - shl_joint_ang
  - elb_joint_ang
  - wr1_joint_ang
  - wr2_joint_ang
  - wr3_joint_ang
  - shp_joint_vel
  - shl_joint_vel
  - elb_joint_vel
  - wr1_joint_vel
  - wr2_joint_vel
  - wr3_joint_vel
  - eef_x
  - eef_y
  - eef_z
  - force_x
  - force_y
  - force_z
  - torque_x
  - torque_y
  - torque_z
  - static_taxel
#  - dynamic_taxel

joint_names: ['shoulder_link', 'upper_arm_link', 'forearm_link', 'wrist_1_link', 'wrist_2_link', 'wrist_3_link']

#init_joint_pose0:
#  shp: 1.55
#  shl: -1.81
#  elb: 2.26
#  wr1: -2.02
#  wr2: -1.57
#  wr3: 3.11

init_joint_pose1:
  shp: 1.489002061556269
  shl: -1.54026052194116
  elb: 2.5290460531396746
  wr1: 2.154630265507069
  wr2: -1.489276956290282
  wr3: 1.572350908536314

init_joint_pose2:
  shp: 1.510735130647003
  shl: -1.3588193568741116
  elb: 2.3055101287155275
  wr1: 2.1944348738413386
  wr2: -1.5100051593089194
  wr3: 1.570666693504939

far_pose:
  shp: 1.481720849173733
  shl: -1.5838111952489484
  elb: 2.573620990984146
  wr1: 2.15318143263707
  wr2: -1.4821512200508096
  wr3: 1.5707639095373755

before_close_pose:
  shp: 1.5857990679615237
  shl: -1.5611849786259067
  elb: 2.550973234715942
  wr1: 2.151942347671375
  wr2: -1.5845770347385386
  wr3: 1.5712500016837836

close_door_pose:
  shp: 1.5154882723836511
  shl: -1.3170902857536715
  elb: 2.246372766105985
  wr1: 2.2117622414530804
  wr2: -1.5156402257492463
  wr3: 1.5713472177162202

init_grp_pose1: 0

init_grp_pose2: 120

joint_limits_array:
  shp_max: 3.14
  shp_min: -3.14
  shl_max: 3.14
  shl_min: -3.14
  elb_max: 3.14
  elb_min: -3.14
  wr1_max: 3.14
  wr1_min: -3.14
  wr2_max: 3.14
  wr2_min: -3.14
  wr3_max: 3.14
  wr3_min: -3.14

joint_velocity_limits_array:
  shp_max: 1.0
  shp_min: -1.0
  shl_max: 1.0
  shl_min: -1.0
  elb_max: 1.0
  elb_min: -1.0
  wr1_max: 1.0
  wr1_min: -1.0
  wr2_max: 1.0
  wr2_min: -1.0
  wr3_max: 1.0
  wr3_min: -1.0

cartesian_limits:
  x_max: -0.08     # 0.2
  x_min: -0.11   #-0.45
  y_max: 0.425     # 0.7
  y_min: 0.35   #-0.25
  z_max: 0.31       # 2
  z_min: 0.26    # 0.15

episode_done_criteria:
  - panel_10deg

  #- minimum_height
  #- monoped_vertical_orientation
